As
XP STRING: 1075737102,1050603000,1081010000|
KAMAS: 49000|
CAPITALPTS: 51|
SPELLPTS: 62|
ALIGH: 3~3,1,10,18000,0,1|
PDV: 2111,2111|
ENERGY: 10000,10000|
INITIATIVE: 10142|
176 PROSPEC: 1005|
STAT: BASE, EQUIP, DONS, BOOST, TOTAL
111 AP: 7,5,0,0,12|
128 PM: 3,3,0,0,6|
118 FORCE: 251,104,0,0|
125 VITA: 101,1100,0,0|
114 SAGESSE: 101,158,0,0|
123 CHANCE: 8101,100,0,0|
119 AGILITE: 201,100,0,0|
126 INTEL: 304,167,0,0|
117 PO: 0,1,0,0|
182 INV: 1,1,0,0|
112 DEGATS: 0,30,0,0|
142 DEGAP: 0,0,0,0|
165 0,0,0,0|
138 DOM%: 0,50,0,0|
178 SOIN: 0,28,0,0|
225 0,0,0,0|
226 0,0,0,0|
228 0,0,0,0|
115 CC: 0,20,0,0|
122 0,0,0,0|
160 25,39,0,0,0|
161 25,39,0,0,0|
241 0,0,0,0,0|
214 0,0,0,0,0|
264 0,0,0,0,0|
254 0,10,0,0,0|
242 0,0,0,0,0|
218 0,0,0,0,0|
268 0,0,0,0,0|
258 0,10,0,0,0|
243 0,0,0,0,0|
211 0,0,0,0,0|
261 0,0,0,0,0|
251 0,10,0,0,0|
244 0,0,0,0,0|
212 0,0,0,0,0|
262 0,0,0,0,0|
252 0,10,0,0,0|
248 0,0,0,0,0|
213 0,0,0,0,0|
263 0,0,0,0,0|
253 0,10,0,0,0|

